10 0.00627516
10 0.0239389
10 0.0186911
10 0.00715127
10 0.0159212
10 0.0186911
10 0.0149831
10 0.0095672
10 0.014753
10 0.0145053
10 0.0232132
10 0.0160893
10 0.0180451
10 0.0208592
10 0.0216911
10 0.0166291
10 0.0215672
10 0.0172752
10 0.0083371
10 0.0189831
10 0.0139831
10 0.0185053
10 0.0166291
10 0.0203371
10 0.0195672
10 0.0102752
10 0.0196911
10 0.0110451
10 0.0122132
10 0.0106291
10 0.018753
10 0.0129212
10 0.0180274
10 0.0095672
10 0.026107
10 0.0260893
10 0.0239212
10 0.0136734
10 0.0253371
10 0.0206911
10 0.0126291
10 0.0249831
10 0.0230451
10 0.011461
10 0.016753
10 0.0185672
10 0.0216911
10 0.0140451
10 0.0085672
10 0.0102752
10 0.0139212
10 0.016399
10 0.0142752
10 0.0180451
10 0.00992118
10 0.043399
10 0.0135672
10 0.0109212
10 0.0132132
10 0.026753
10 0.0143814
10 0.0142752
10 0.0161513
10 0.0148592
10 0.0126734
10 0.0229212
10 0.0141513
10 0.0129831
10 0.0130451
10 0.0272132
10 0.0139212
10 0.017107
10 0.026107
10 0.017399
10 0.0110893
10 0.00785923
10 0.0160451
10 0.0159212
10 0.0095672
10 0.014399
10 0.0117973
10 0.0138592
10 0.0165229
10 0.0209212
10 0.0149831
10 0.0159831
10 0.032753
10 0.0186291
10 0.0085672
10 0.0151513
10 0.0189831
10 0.0195672
10 0.0182752
10 0.0223371
10 0.022169
10 0.00862914
10 0.0109212
10 0.0145672
10 0.0193371
10 0.019461
10 0.0103371
10 0.0130274
10 0.0123371
10 0.0132132
10 0.0188769
10 0.0212132
10 0.0348769
10 0.0205495
10 0.024753
10 0.0149212
10 0.0125672
10 0.0220451
10 0.0101513
10 0.0073371
10 0.0136291
10 0.010107
10 0.0153371
10 0.025107
10 0.0135053
10 0.0144433
10 0.0167353
10 0.0206291
10 0.0125053
10 0.0190451
10 0.0205672
10 0.021461
10 0.0383548
10 0.0203371
10 0.0216291
10 0.0150893
10 0.0166911
10 0.00998312
10 0.0188592
10 0.026815
10 0.0160451
10 0.0145053
10 0.0258769
10 0.0189212
10 0.00969109
10 0.021169
10 0.0138592
10 0.00521321
10 0.027815
10 0.0199212
10 0.0175672
10 0.0155672
10 0.021107
10 0.0240893
10 0.0176911
10 0.0142752
10 0.0162752
10 0.0085672
10 0.0129831
10 0.0202752
10 0.0120274
10 0.0236291
10 0.0139831
10 0.0145229
10 0.00779729
10 0.0182752
10 0.025399
10 0.0240893
10 0.013169
10 0.00862914
10 0.0130451
10 0.0176911
10 0.0165672
10 0.0173371
10 0.0197973
10 0.0280451
10 0.0203814
10 0.015753
10 0.0175053
10 0.0159212
10 0.0185672
10 0.0153814
10 0.0118592
10 0.0150451
10 0.0215229
10 0.0200451
10 0.0180893
10 0.0126291
10 0.0152752
10 0.0193371
10 0.0145053
10 0.0229831
10 0.0193371
10 0.0189831
10 0.011399
10 0.014107
10 0.0129212
10 0.0165053
10 0.0185672
10 0.0193371
10 0.0194433
10 0.016107
10 0.0255229
10 0.023753
10 0.016107
10 0.022815
10 0.0104433
10 0.0145053
10 0.0122132
10 0.0141513
10 0.0126911
10 0.0111513
10 0.0236911
10 0.0117353
10 0.0224433
10 0.011815
10 0.017461
10 0.0156734
10 0.0125053
10 0.0104433
10 0.0159212
10 0.0167973
10 0.027169
10 0.00944331
10 0.0159212
10 0.014753
10 0.016107
10 0.0270451
10 0.0223371
10 0.0196911
10 0.0253371
10 0.0105053
10 0.0162132
10 0.0194433
10 0.0142132
10 0.0140893
10 0.0112132
10 0.0222309
10 0.0119831
10 0.0110893
10 0.0154433
10 0.0119831
10 0.0215672
10 0.017107
10 0.013461
10 0.0138592
10 0.0102132
10 0.0193371
10 0.0118592
10 0.0186911
10 0.021107
10 0.0166911
10 0.00921321
10 0.0197973
10 0.0240451
10 0.0285053
10 0.0183371
10 0.0155672
10 0.0156911
10 0.0145053
10 0.0162132
10 0.0147353
10 0.0165672
10 0.0233371
10 0.0112752
10 0.0158592
10 0.0180893
10 0.0213371
10 0.0120893
10 0.0183371
10 0.00927516
10 0.0149212
10 0.0251513
10 0.033815
10 0.0119212
10 0.0128592
10 0.0240451
10 0.011399
10 0.0124433
10 0.0125053
10 0.0163814
10 0.0193371
10 0.0145053
10 0.0281513
10 0.00798312
10 0.0225229
10 0.019399
10 0.0135053
10 0.0126911
10 0.0106734
10 0.0139212
10 0.0216911
10 0.019107
10 0.0194433
10 0.0136911
10 0.025107
10 0.0162752
100 0.00175516
100 0.000647548
100 0.00231755
100 0.0025852
100 0.00285525
100 0.00329994
100 0.00146109
100 0.00111516
100 0.00121396
100 0.00143635
100 0.00150989
100 0.00184471
100 0.00229043
100 0.00223994
100 0.001116
100 0.0020764
100 0.00137476
100 0.00144038
100 0.00150799
100 0.00209635
100 0.00191755
100 0.00147954
100 0.00192317
100 0.00128033
100 0.00107162
100 0.00204427
100 0.0026187
100 0.00158033
100 0.00167237
100 0.00259109
100 0.00148511
100 0.00205432
100 0.00175078
100 0.00195595
100 0.00127481
100 0.00160401
100 0.00111038
100 0.00197476
100 0.00202436
100 0.00271113
100 0.00241113
100 0.0017664
100 0.00129839
100 0.00183043
100 0.00131436
100 0.00291998
100 0.00217635
100 0.00168436
100 0.0016156
100 0.00188914
100 0.0017275
100 0.00100436
100 0.00136321
100 0.00257317
100 0.00210197
100 0.00196321
100 0.00251078
100 0.00280233
100 0.00224994
100 0.00218635
100 0.0020279
100 0.00158193
100 0.00189954
100 0.00128759
100 0.00138038
100 0.00212272
100 0.00140958
100 0.00200635
100 0.00103994
100 0.00147153
100 0.00246631
100 0.0015179
100 0.00159516
100 0.00190038
100 0.00105755
100 0.00260317
100 0.00174038
100 0.0017668
100 0.00237158
100 0.00161675
100 0.0031064
100 0.00165282
100 0.00177476
100 0.00121043
100 0.00209392
100 0.00161834
100 0.00258317
100 0.00142352
100 0.001296
100 0.00192595
100 0.0017156
100 0.00266994
100 0.00228844
100 0.00170073
100 0.00230038
100 0.00177043
100 0.00177914
100 0.00123914
100 0.00178118
100 0.00206078
100 0.0014656
100 0.000485557
100 0.00280914
100 0.00196994
100 0.00175471
100 0.00146237
100 0.00135193
100 0.00134078
100 0.0017964
100 0.0012572
100 0.00145481
100 0.00183197
100 0.000951575
100 0.00183312
100 0.00169272
100 0.00110282
100 0.00104914
100 0.00128078
100 0.001746
100 0.00154551
100 0.00215799
100 0.00134635
100 0.0012071
100 0.00179511
100 0.00181958
100 0.00254118
100 0.00178556
100 0.00162312
100 0.00204595
100 0.00181242
100 0.00140556
100 0.00174432
100 0.00217481
100 0.00311361
100 0.0010972
100 0.00131516
100 0.00110516
100 0.00137193
100 0.00266635
100 0.001256
100 0.00161233
100 0.00155153
100 0.00239148
100 0.00169795
100 0.00185441
100 0.00190312
100 0.00133954
100 0.00181551
100 0.00165759
100 0.00198879
100 0.000838742
100 0.00124879
100 0.00136392
100 0.00142277
100 0.001666
100 0.00119954
100 0.00213507
100 0.00255277
100 0.00104277
100 0.00153994
100 0.00189511
100 0.00153476
100 0.00101879
100 0.00206675
100 0.000741177
100 0.00125153
100 0.0018475
100 0.00109715
100 0.00121237
100 0.00119471
100 0.00167361
100 0.0022179
100 0.00169675
100 0.0020952
100 0.000893214
100 0.00116631
100 0.00124799
100 0.00177392
100 0.0011772
100 0.00145113
100 0.00177631
100 0.00129839
100 0.00100321
100 0.00103919
100 0.00159193
100 0.00102357
100 0.00135237
100 0.0015552
100 0.00184516
100 0.00140118
100 0.0019768
100 0.00206197
100 0.000717946
100 0.00144312
100 0.00216197
100 0.000970733
100 0.0013256
100 0.00124237
100 0.00184158
100 0.00191834
100 0.00175556
100 0.000489186
100 0.00106193
100 0.00201038
100 0.00127467
100 0.00173401
100 0.00194233
100 0.00138197
100 0.00177471
100 0.00181193
100 0.000900335
100 0.00176919
100 0.00133153
100 0.00204635
100 0.00262193
100 0.00131595
100 0.00111471
100 0.00265795
100 0.00201312
100 0.00244511
100 0.00192556
100 0.00160029
100 0.00168839
100 0.00171277
100 0.00149237
100 0.00239671
100 0.00258158
100 0.00132516
100 0.00135158
100 0.0018464
100 0.00167631
100 0.00202033
100 0.00219874
100 0.00150352
100 0.00151631
100 0.000840381
100 0.00100675
100 0.00156525
100 0.00143282
100 0.00258277
100 0.00123073
100 0.00119118
100 0.00132197
100 0.00190317
100 0.0016972
100 0.00143193
100 0.00176233
100 0.000976353
100 0.00132282
100 0.00142556
100 0.00194193
100 0.00175883
100 0.000996751
100 0.00187237
100 0.00127839
100 0.00106357
100 0.00132038
100 0.000846705
100 0.00164312
100 0.00235954
100 0.0019768
100 0.00161994
100 0.00215158
100 0.000953964
100 0.00151914
100 0.00100441
100 0.000986797
100 0.00176954
100 0.00271909
100 0.00124994
100 0.00170635
100 0.00189476
100 0.0018475
100 0.000676399
100 0.00186715
100 0.0019264
100 0.00258352
100 0.00192436
100 0.000913964
100 0.00153516
100 0.000834362
100 0.0022364
100 0.00117994
100 0.00113909
100 0.00270755
100 0.000841177
100 0.00104197
100 0.00149715
100 0.00255595
100 0.00196799
100 0.00227188
1000 0.000173465
1000 0.00013145
1000 0.000157687
1000 9.69113e-05
1000 0.000176192
1000 0.000181754
1000 0.000174994
1000 0.0001362
1000 0.000245184
1000 0.000236632
1000 9.76261e-05
1000 0.000206784
1000 0.000162571
1000 0.000247796
1000 0.000233794
1000 0.000138141
1000 0.000200032
1000 0.000110046
1000 0.000210758
1000 0.00024181
1000 0.00026416
1000 0.00014701
1000 8.85752e-05
1000 0.000204625
1000 0.000237318
1000 0.000158691
1000 0.000150571
1000 0.000119957
1000 0.000164491
1000 0.000227591
1000 0.000175073
1000 0.000326648
1000 0.0001186
1000 8.664e-05
1000 0.000212241
1000 0.000250413
1000 0.000211862
1000 0.000178697
1000 0.000123224
1000 0.00013613
1000 0.000141836
1000 0.000125059
1000 0.00022891
1000 0.000115526
1000 0.000132586
1000 6.06585e-05
1000 0.000302035
1000 0.000104079
1000 0.000212389
1000 0.000112967
1000 0.000107499
1000 0.000154434
1000 0.000125922
1000 0.000239382
1000 0.000104652
1000 0.000166507
1000 0.000263487
1000 0.00018977
1000 0.000170734
1000 0.000291098
1000 0.000106585
1000 0.000142151
1000 0.000180889
1000 0.000102991
1000 0.000226513
1000 0.000129974
1000 0.000259772
1000 0.000198731
1000 0.000217216
1000 0.000241495
1000 0.000128783
1000 9.27066e-05
1000 0.000137622
1000 0.000312605
1000 0.000241338
1000 0.0002833
1000 0.000209172
1000 0.00018615
1000 0.000140832
1000 0.000149091
1000 0.000242675
1000 0.000138734
1000 0.000180035
1000 0.000212687
1000 0.000184053
1000 0.000113641
1000 0.000129579
1000 0.000126162
1000 0.000138496
1000 0.000112349
1000 0.00025372
1000 0.000243169
1000 0.000192704
1000 0.000114952
1000 9.34983e-05
1000 0.000164049
1000 0.000146009
1000 0.000196716
1000 0.000175084
1000 0.00018385
1000 0.000122635
1000 0.000128966
1000 0.000196425
1000 0.000225815
1000 0.000215061
1000 0.000136694
1000 0.0001293
1000 9.00206e-05
1000 0.000174155
1000 0.000158668
1000 0.000109498
1000 0.000202356
1000 0.000189785
1000 0.000102029
1000 0.000178229
1000 0.00014151
1000 0.000171885
1000 0.000160196
1000 0.000243712
1000 0.00017825
1000 0.000158289
1000 0.000200022
1000 0.000157457
1000 0.000210484
1000 0.000143439
1000 0.000230798
1000 0.000189781
1000 0.000221557
1000 0.000150335
1000 0.000236585
1000 0.00014133
1000 0.000244518
1000 7.38095e-05
1000 9.38762e-05
1000 0.000252769
1000 7.34936e-05
1000 0.000173638
1000 9.45038e-05
1000 0.000106755
1000 0.000140154
1000 0.000126238
1000 0.000162658
1000 0.000132683
1000 0.000189526
1000 0.000111442
1000 0.000188432
1000 0.000194458
1000 0.000168442
1000 0.000243361
1000 0.000243851
1000 8.8115e-05
1000 0.000162329
1000 0.000175822
1000 0.00011583
1000 0.000138329
1000 0.000240715
1000 0.000103627
1000 0.000247057
1000 0.000157207
1000 0.000286691
1000 0.000237594
1000 9.92308e-05
1000 0.000117848
1000 0.000222086
1000 0.000196351
1000 0.000220133
1000 0.000284729
1000 7.14437e-05
1000 0.000148833
1000 0.00013304
1000 0.000161925
1000 0.000219453
1000 0.0001962
1000 8.57826e-05
1000 0.00021481
1000 0.000164759
1000 0.000182824
1000 9.59742e-05
1000 0.000209901
1000 0.000138111
1000 9.67659e-05
1000 0.000192276
1000 9.04447e-05
1000 0.00017773
1000 0.00011201
1000 0.000239969
1000 8.30993e-05
1000 0.000132839
1000 0.000182703
1000 0.000247702
1000 0.000291129
1000 0.000307495
1000 0.000131007
1000 7.2464e-05
1000 0.000138423
1000 6.62233e-05
1000 0.000234345
1000 0.000128688
1000 0.000228818
1000 0.000211432
1000 0.000154472
1000 0.000223414
1000 0.000188436
1000 0.000113539
1000 0.000216202
1000 0.000172145
1000 9.79068e-05
1000 0.000146759
1000 0.000174701
1000 0.00010825
1000 0.000242169
1000 0.000198517
1000 0.000132413
1000 0.000129614
1000 0.000122555
1000 0.000160526
1000 0.000127626
1000 0.00011488
1000 0.000167599
1000 0.00024382
1000 0.000135706
1000 9.02919e-05
1000 0.000167004
1000 0.000219842
1000 0.000242703
1000 0.0002548
1000 0.000267319
1000 0.000176325
1000 9.77473e-05
1000 0.000233278
1000 0.000310398
1000 0.000213879
1000 0.000323487
1000 0.000155594
1000 0.000200736
1000 0.000259376
1000 0.000137004
1000 0.000233221
1000 0.000175567
1000 7.09826e-05
1000 0.000234016
1000 0.000175684
1000 0.000222212
1000 0.000155456
1000 0.000184725
1000 0.000175674
1000 0.000258016
1000 0.000213959
1000 0.000135768
1000 0.000150246
1000 0.000181295
1000 0.000306629
1000 0.000162188
1000 0.000266576
1000 0.000123619
1000 0.000216774
1000 0.000215006
1000 0.000169723
1000 0.000255874
1000 0.000141377
1000 0.000156736
1000 0.000143885
1000 0.000185548
1000 0.000253409
1000 0.000218539
1000 0.000203634
1000 0.000244076
1000 0.000203609
1000 0.000133509
1000 0.000145012
1000 0.000260415
1000 0.000117953
1000 0.000151328
1000 0.000159344
1000 8.32494e-05
1000 0.000154709
1000 0.000100802
1000 0.000166657
1000 0.000113161
1000 0.000211141
1000 0.000154963
1000 0.000149352
1000 0.00022807
1000 0.000317935
1000 0.000215803
1000 0.000196565
1000 0.000255788
1000 0.000188012
1000 0.000223832
1000 0.000155943
1000 9.95362e-05
10000 1.26894e-05
10000 1.12116e-05
10000 1.36727e-05
10000 2.21267e-05
10000 2.06555e-05
10000 1.03711e-05
10000 1.08129e-05
10000 2.89951e-05
10000 1.79808e-05
10000 2.04069e-05
10000 1.0149e-05
10000 7.60706e-06
10000 1.35175e-05
10000 2.24219e-05
10000 1.73478e-05
10000 2.00777e-05
10000 1.3838e-05
10000 2.00299e-05
10000 1.43432e-05
10000 2.35874e-05
10000 1.30457e-05
10000 1.05111e-05
10000 2.64775e-05
10000 2.33619e-05
10000 1.22932e-05
10000 1.90605e-05
10000 2.71906e-05
10000 1.67347e-05
10000 2.41696e-05
10000 1.48068e-05
10000 2.37991e-05
10000 1.27086e-05
10000 8.71174e-06
10000 1.47818e-05
10000 1.54832e-05
10000 1.58533e-05
10000 2.2217e-05
10000 1.17334e-05
10000 1.49558e-05
10000 1.94127e-05
10000 3.49861e-05
10000 1.84086e-05
10000 2.26282e-05
10000 2.66253e-05
10000 2.108e-05
10000 1.40102e-05
10000 1.54286e-05
10000 1.45895e-05
10000 7.87945e-06
10000 1.4908e-05
10000 2.02375e-05
10000 2.02912e-05
10000 1.82952e-05
10000 1.98107e-05
10000 1.28964e-05
10000 1.85903e-05
10000 1.01242e-05
10000 1.29822e-05
10000 9.52542e-06
10000 1.55938e-05
10000 1.68905e-05
10000 3.32613e-05
10000 8.67167e-06
10000 7.7451e-06
10000 1.24993e-05
10000 1.26197e-05
10000 1.12734e-05
10000 2.00276e-05
10000 2.47986e-05
10000 2.03231e-05
10000 1.54838e-05
10000 1.13753e-05
10000 1.84348e-05
10000 1.56364e-05
10000 1.73045e-05
10000 9.50682e-06
10000 3.35811e-05
10000 3.00809e-05
10000 1.79097e-05
10000 1.17084e-05
10000 1.60876e-05
10000 1.15133e-05
10000 1.69865e-05
10000 1.64942e-05
10000 4.33152e-05
10000 1.20526e-05
10000 1.95658e-05
10000 1.67823e-05
10000 7.95944e-06
10000 1.56173e-05
10000 2.0823e-05
10000 1.4932e-05
10000 1.10493e-05
10000 8.88532e-06
10000 1.29538e-05
10000 2.78814e-05
10000 1.75871e-05
10000 1.09742e-05
10000 9.58649e-06
10000 2.78285e-05
10000 1.94628e-05
10000 1.62036e-05
10000 2.46872e-05
10000 1.85755e-05
10000 1.14983e-05
10000 1.8066e-05
10000 1.42148e-05
10000 1.71731e-05
10000 2.39788e-05
10000 1.17457e-05
10000 9.79701e-06
10000 1.96583e-05
10000 2.35898e-05
10000 2.20559e-05
10000 2.30379e-05
10000 2.30738e-05
10000 1.77732e-05
10000 1.84509e-05
10000 1.8596e-05
10000 2.06536e-05
10000 2.13054e-05
10000 2.76936e-05
10000 1.25224e-05
10000 1.47891e-05
10000 1.60867e-05
10000 2.13151e-05
10000 1.02864e-05
10000 2.0485e-05
10000 1.21688e-05
10000 7.73586e-06
10000 1.53728e-05
10000 2.14264e-05
10000 1.63828e-05
10000 2.09905e-05
10000 1.64683e-05
10000 9.71497e-06
10000 1.37919e-05
10000 1.60744e-05
10000 2.30549e-05
10000 1.22779e-05
10000 2.8492e-05
10000 1.7183e-05
10000 1.61125e-05
10000 1.43873e-05
10000 2.19821e-05
10000 1.43953e-05
10000 9.92662e-06
10000 1.35717e-05
10000 1.1914e-05
10000 1.28648e-05
10000 1.82619e-05
10000 2.4093e-05
10000 1.23781e-05
10000 1.62891e-05
10000 2.16934e-05
10000 1.83195e-05
10000 2.22945e-05
10000 2.20664e-05
10000 2.73405e-05
10000 1.95606e-05
10000 2.11577e-05
10000 1.34305e-05
10000 2.11535e-05
10000 9.30513e-06
10000 1.04938e-05
10000 1.98979e-05
10000 1.80376e-05
10000 1.11851e-05
10000 1.30794e-05
10000 1.2473e-05
10000 1.17778e-05
10000 1.87662e-05
10000 1.52259e-05
10000 1.8113e-05
10000 1.28272e-05
10000 1.76977e-05
10000 1.88854e-05
10000 1.10112e-05
10000 1.84118e-05
10000 1.26005e-05
10000 1.85759e-05
10000 1.76792e-05
10000 2.38261e-05
10000 2.6809e-05
10000 2.77335e-05
10000 1.58041e-05
10000 2.33224e-05
10000 1.67692e-05
10000 2.00675e-05
10000 2.31422e-05
10000 3.14767e-05
10000 2.52469e-05
10000 1.47529e-05
10000 2.10938e-05
10000 7.21973e-06
10000 2.06671e-05
10000 1.54099e-05
10000 2.6757e-05
10000 1.52033e-05
10000 1.03816e-05
10000 1.07182e-05
10000 1.77421e-05
10000 2.2952e-05
10000 1.82041e-05
10000 1.4865e-05
10000 1.34887e-05
10000 1.91837e-05
10000 1.77449e-05
10000 1.07024e-05
10000 1.781e-05
10000 1.39901e-05
10000 1.47449e-05
10000 1.42065e-05
10000 2.08865e-05
10000 2.87899e-05
10000 1.07031e-05
10000 1.6255e-05
10000 1.68755e-05
10000 1.45687e-05
10000 1.19876e-05
10000 2.14425e-05
10000 1.05585e-05
10000 1.79405e-05
10000 1.19254e-05
10000 1.50002e-05
10000 1.31573e-05
10000 3.37257e-05
10000 2.06427e-05
10000 1.42421e-05
10000 6.78139e-06
10000 2.22467e-05
10000 3.25684e-05
10000 1.7839e-05
10000 2.20623e-05
10000 1.65896e-05
10000 1.56039e-05
10000 1.75321e-05
10000 1.31637e-05
10000 1.91774e-05
10000 2.70631e-05
10000 1.35855e-05
10000 1.2722e-05
10000 1.60779e-05
10000 2.64867e-05
10000 1.33958e-05
10000 9.34518e-06
10000 2.01895e-05
10000 1.01372e-05
10000 1.3912e-05
10000 1.04184e-05
10000 1.86379e-05
10000 1.86765e-05
10000 1.64658e-05
10000 2.25184e-05
10000 1.29408e-05
10000 9.44225e-06
10000 1.36672e-05
10000 9.58558e-06
10000 1.54876e-05
10000 1.46532e-05
10000 1.23615e-05
10000 1.20356e-05
10000 1.41771e-05
10000 8.06976e-06
10000 1.38419e-05
10000 1.49575e-05
10000 2.74007e-05
10000 9.90922e-06
10000 1.08088e-05
10000 2.07988e-05
10000 1.9061e-05
10000 1.95365e-05
10000 1.44949e-05
10000 1.01191e-05
10000 1.63613e-05
10000 1.10802e-05
10000 2.12134e-05
10000 3.03368e-05
10000 9.6723e-06
10000 2.73251e-05
10000 1.59086e-05
10000 1.16131e-05
10000 1.95935e-05
10000 2.19794e-05
10000 1.15759e-05
10000 1.8671e-05
10000 2.83934e-05
10000 9.56178e-06
10000 1.1586e-05
10000 1.56724e-05
10000 1.30038e-05
100000 2.66893e-06
100000 2.03821e-06
100000 2.33045e-06
100000 2.64616e-06
100000 2.03669e-06
100000 1.69281e-06
100000 1.59613e-06
100000 1.14738e-06
100000 1.10629e-06
100000 1.96224e-06
100000 2.56465e-06
100000 1.51489e-06
100000 1.85629e-06
100000 7.86802e-07
100000 1.30873e-06
100000 2.25051e-06
100000 8.96148e-07
100000 1.35109e-06
100000 1.52762e-06
100000 1.62516e-06
100000 1.7537e-06
100000 1.24778e-06
100000 1.69861e-06
100000 1.8184e-06
100000 2.21395e-06
100000 1.50986e-06
100000 1.48049e-06
100000 7.74133e-07
100000 1.72152e-06
100000 1.4688e-06
100000 1.78818e-06
100000 1.57166e-06
100000 1.56377e-06
100000 1.76089e-06
100000 1.16662e-06
100000 2.35756e-06
100000 1.0595e-06
100000 2.02997e-06
100000 1.71442e-06
100000 8.36838e-07
100000 1.4448e-06
100000 1.67963e-06
100000 1.14877e-06
100000 1.93778e-06
100000 6.75962e-07
100000 1.70807e-06
100000 1.82613e-06
100000 1.5934e-06
100000 1.19051e-06
100000 1.83397e-06
100000 2.49609e-06
100000 1.51112e-06
100000 2.14898e-06
100000 1.78642e-06
100000 1.39392e-06
100000 1.56449e-06
100000 5.5067e-07
100000 1.60557e-06
100000 1.48147e-06
100000 1.64908e-06
100000 2.23834e-06
100000 1.082e-06
100000 1.19507e-06
100000 8.75164e-07
100000 2.78816e-06
100000 1.06743e-06
100000 2.61613e-06
100000 2.39794e-06
100000 1.95111e-06
100000 1.71758e-06
100000 1.96706e-06
100000 1.74203e-06
100000 2.40702e-06
100000 8.25926e-07
100000 1.09389e-06
100000 1.51159e-06
100000 2.07606e-06
100000 1.88254e-06
100000 2.15492e-06
100000 1.68305e-06
100000 2.09874e-06
100000 1.88257e-06
100000 2.43197e-06
100000 1.04809e-06
100000 2.47044e-06
100000 1.25263e-06
100000 2.66106e-06
100000 1.09506e-06
100000 1.61676e-06
100000 2.07625e-06
100000 2.16652e-06
100000 1.60276e-06
100000 1.62991e-06
100000 2.04345e-06
100000 1.95227e-06
100000 1.5334e-06
100000 2.39975e-06
100000 1.42085e-06
100000 1.23044e-06
100000 1.14248e-06
100000 2.09465e-06
100000 1.55174e-06
100000 1.86642e-06
100000 1.25478e-06
100000 1.65997e-06
100000 1.16992e-06
100000 1.94347e-06
100000 1.32958e-06
100000 1.85871e-06
100000 1.93245e-06
100000 1.6092e-06
100000 1.66252e-06
100000 1.56142e-06
100000 1.11153e-06
100000 1.63867e-06
100000 1.39458e-06
100000 2.41283e-06
100000 1.0752e-06
100000 2.04116e-06
100000 1.4619e-06
100000 1.39411e-06
100000 1.98773e-06
100000 2.43797e-06
100000 1.52297e-06
100000 1.53458e-06
100000 7.56446e-07
100000 1.72761e-06
100000 9.00826e-07
100000 8.85706e-07
100000 7.8622e-07
100000 2.32401e-06
100000 1.43285e-06
100000 2.38149e-06
100000 8.87708e-07
100000 7.22479e-07
100000 1.42212e-06
100000 2.18114e-06
100000 2.0815e-06
100000 1.30306e-06
100000 2.10038e-06
100000 2.52051e-06
100000 2.00045e-06
100000 2.31931e-06
100000 1.331e-06
100000 1.32461e-06
100000 1.81276e-06
100000 1.17057e-06
100000 1.73661e-06
100000 2.31259e-06
100000 2.09061e-06
100000 1.83022e-06
100000 1.35789e-06
100000 1.36925e-06
100000 1.27747e-06
100000 1.38113e-06
100000 2.86659e-06
100000 1.54359e-06
100000 1.55664e-06
100000 1.63379e-06
100000 1.34956e-06
100000 2.68986e-06
100000 1.57619e-06
100000 1.80867e-06
100000 2.80825e-06
100000 1.2804e-06
100000 1.99735e-06
100000 1.23174e-06
100000 8.60553e-07
100000 2.86704e-06
100000 1.7576e-06
100000 1.90716e-06
100000 1.05913e-06
100000 1.54615e-06
100000 1.22387e-06
100000 2.99095e-06
100000 1.31739e-06
100000 1.26163e-06
100000 1.33162e-06
100000 2.54798e-06
100000 1.03036e-06
100000 1.72447e-06
100000 2.07922e-06
100000 1.71001e-06
100000 1.28616e-06
100000 1.59553e-06
100000 2.19826e-06
100000 1.17216e-06
100000 2.26207e-06
100000 1.56918e-06
100000 1.60637e-06
100000 1.73477e-06
100000 8.04164e-07
100000 9.76044e-07
100000 1.96165e-06
100000 1.29106e-06
100000 2.51611e-06
100000 1.58734e-06
100000 1.13063e-06
100000 1.42708e-06
100000 1.77895e-06
100000 6.92546e-07
100000 2.35085e-06
100000 2.93939e-06
100000 2.40231e-06
100000 1.00091e-06
100000 2.95138e-06
100000 9.76441e-07
100000 9.77223e-07
100000 2.09167e-06
100000 1.90529e-06
100000 2.12675e-06
100000 1.53898e-06
100000 9.6854e-07
100000 1.40169e-06
100000 2.77728e-06
100000 1.19224e-06
100000 1.7075e-06
100000 2.11085e-06
100000 1.74819e-06
100000 1.27389e-06
100000 1.17835e-06
100000 1.69989e-06
100000 1.10306e-06
100000 1.16198e-06
100000 2.22041e-06
100000 1.53878e-06
100000 1.59086e-06
100000 1.76645e-06
100000 1.34783e-06
100000 1.09537e-06
100000 1.60531e-06
100000 1.48992e-06
100000 2.22058e-06
100000 2.2011e-06
100000 1.63882e-06
100000 1.73757e-06
100000 1.26266e-06
100000 1.93272e-06
100000 1.96961e-06
100000 1.18154e-06
100000 1.85263e-06
100000 1.27893e-06
100000 2.20162e-06
100000 1.64553e-06
100000 1.59927e-06
100000 2.22179e-06
100000 1.74928e-06
100000 1.62152e-06
100000 1.82402e-06
100000 1.64179e-06
100000 8.13583e-07
100000 1.53793e-06
100000 2.13807e-06
100000 3.20933e-06
100000 1.92898e-06
100000 1.0027e-06
100000 1.50174e-06
100000 6.67625e-07
100000 1.43417e-06
100000 1.34606e-06
100000 1.70045e-06
100000 1.23635e-06
100000 3.19396e-06
100000 1.75589e-06
100000 1.3474e-06
100000 7.47e-07
100000 1.20224e-06
100000 2.19087e-06
100000 1.55982e-06
100000 1.11525e-06
100000 1.14109e-06
100000 2.19441e-06
100000 1.69568e-06
100000 1.33297e-06
100000 1.31874e-06
100000 1.70872e-06
100000 2.43745e-06
100000 1.11345e-06
100000 2.17722e-06
100000 1.45205e-06
100000 1.60456e-06
100000 2.06819e-06
100000 1.0836e-06
100000 2.19985e-06
100000 2.45695e-06
100000 9.75371e-07
100000 1.22619e-06
100000 8.98049e-07
100000 9.54151e-07
100000 8.27809e-07
100000 2.97584e-06
1000000 1.47621e-07
1000000 1.48008e-07
1000000 2.37038e-07
1000000 1.53104e-07
1000000 2.48231e-07
1000000 1.38727e-07
1000000 1.78549e-07
1000000 2.53481e-07
1000000 2.04502e-07
1000000 8.847e-08
1000000 1.09189e-07
1000000 1.90984e-07
1000000 1.32105e-07
1000000 7.59433e-08
1000000 1.82494e-07
1000000 1.2893e-07
1000000 1.70119e-07
1000000 2.12212e-07
1000000 1.0461e-07
1000000 9.34731e-08
1000000 1.3913e-07
1000000 1.1996e-07
1000000 2.23813e-07
1000000 1.55065e-07
1000000 2.8499e-07
1000000 2.26724e-07
1000000 2.03884e-07
1000000 1.42915e-07
1000000 2.27731e-07
1000000 1.44906e-07
1000000 1.23566e-07
1000000 1.43663e-07
1000000 1.07782e-07
1000000 2.08465e-07
1000000 2.18259e-07
1000000 1.37148e-07
1000000 2.28837e-07
1000000 4.86505e-08
1000000 1.7229e-07
1000000 1.75736e-07
1000000 1.41851e-07
1000000 1.40492e-07
1000000 1.36235e-07
1000000 2.08499e-07
1000000 2.83937e-07
1000000 1.1063e-07
1000000 2.40961e-07
1000000 2.06136e-07
1000000 1.11168e-07
1000000 2.8862e-07
1000000 1.23062e-07
1000000 1.66647e-07
1000000 1.95292e-07
1000000 1.53509e-07
1000000 1.3971e-07
1000000 1.91681e-07
1000000 2.27499e-07
1000000 2.03579e-07
1000000 8.86301e-08
1000000 2.05253e-07
1000000 1.43269e-07
1000000 2.82579e-07
1000000 1.25105e-07
1000000 7.00143e-08
1000000 1.84076e-07
1000000 1.25294e-07
1000000 1.26653e-07
1000000 2.08887e-07
1000000 1.71593e-07
1000000 1.89027e-07
1000000 2.60254e-07
1000000 1.38056e-07
1000000 8.95138e-08
1000000 1.56724e-07
1000000 1.2385e-07
1000000 9.13473e-08
1000000 1.61462e-07
1000000 1.40382e-07
1000000 2.27803e-07
1000000 2.22969e-07
1000000 2.13466e-07
1000000 2.77506e-07
1000000 1.68567e-07
1000000 1.04977e-07
1000000 1.29267e-07
1000000 1.15531e-07
1000000 1.34824e-07
1000000 1.61629e-07
1000000 2.05729e-07
1000000 1.65775e-07
1000000 1.67461e-07
1000000 1.25253e-07
1000000 6.44045e-08
1000000 2.30965e-07
1000000 2.29874e-07
1000000 1.11884e-07
1000000 2.41801e-07
1000000 1.9206e-07
1000000 1.08124e-07
1000000 1.5137e-07
1000000 1.42623e-07
1000000 1.71864e-07
1000000 1.88035e-07
1000000 1.54735e-07
1000000 1.68939e-07
1000000 1.62557e-07
1000000 1.51376e-07
1000000 1.07184e-07
1000000 1.66704e-07
1000000 1.38329e-07
1000000 2.74961e-07
1000000 2.34768e-07
1000000 1.26384e-07
1000000 1.46419e-07
1000000 2.0526e-07
1000000 2.99807e-07
1000000 1.56695e-07
1000000 1.10811e-07
1000000 1.58551e-07
1000000 8.61748e-08
1000000 1.31967e-07
1000000 1.79709e-07
1000000 2.02252e-07
1000000 1.57192e-07
1000000 2.39611e-07
1000000 1.09965e-07
1000000 9.1517e-08
1000000 1.08881e-07
1000000 1.50063e-07
1000000 1.21562e-07
1000000 1.38407e-07
1000000 2.09672e-07
1000000 1.75328e-07
1000000 2.10651e-07
1000000 1.40682e-07
1000000 2.2054e-07
1000000 1.29439e-07
1000000 2.60519e-07
1000000 1.34188e-07
1000000 7.03883e-08
1000000 1.47293e-07
1000000 1.93379e-07
1000000 2.20517e-07
1000000 1.20696e-07
1000000 1.61324e-07
1000000 1.6162e-07
1000000 1.3625e-07
1000000 9.09231e-08
1000000 2.45394e-07
1000000 5.98052e-08
1000000 2.29442e-07
1000000 2.46094e-07
1000000 2.08569e-07
1000000 8.37854e-08
1000000 1.39633e-07
1000000 1.45697e-07
1000000 1.11486e-07
1000000 1.88766e-07
1000000 1.27299e-07
1000000 1.81557e-07
1000000 1.00019e-07
1000000 1.54693e-07
1000000 1.00293e-07
1000000 2.38127e-07
1000000 1.89569e-07
1000000 3.5738e-07
1000000 1.77841e-07
1000000 1.08106e-07
1000000 2.41648e-07
1000000 2.48787e-07
1000000 7.79656e-08
1000000 1.40943e-07
1000000 1.25842e-07
1000000 1.31738e-07
1000000 1.32589e-07
1000000 1.50117e-07
1000000 2.56924e-07
1000000 1.77255e-07
1000000 1.99664e-07
1000000 1.40649e-07
1000000 9.72726e-08
1000000 1.42732e-07
1000000 1.24571e-07
1000000 2.28668e-07
1000000 1.21154e-07
1000000 2.31932e-07
1000000 2.09604e-07
1000000 1.71792e-07
1000000 1.65463e-07
1000000 1.65882e-07
1000000 1.87012e-07
1000000 1.37334e-07
1000000 1.43329e-07
1000000 1.75372e-07
1000000 2.01629e-07
1000000 1.84085e-07
1000000 1.39994e-07
1000000 2.00501e-07
1000000 9.09268e-08
1000000 1.55016e-07
1000000 1.19261e-07
1000000 1.08885e-07
1000000 1.4464e-07
1000000 1.98509e-07
1000000 2.04519e-07
1000000 3.8649e-07
1000000 1.65095e-07
1000000 1.1771e-07
1000000 2.7115e-07
1000000 9.06084e-08
1000000 2.60442e-07
1000000 1.73564e-07
1000000 1.48816e-07
1000000 1.74554e-07
1000000 1.90775e-07
1000000 1.36437e-07
1000000 2.05905e-07
1000000 2.41007e-07
1000000 2.271e-07
1000000 1.04533e-07
1000000 2.0089e-07
1000000 1.64746e-07
1000000 2.31727e-07
1000000 1.23166e-07
1000000 7.94722e-08
1000000 1.80837e-07
1000000 1.85388e-07
1000000 1.21325e-07
1000000 1.24429e-07
1000000 2.1414e-07
1000000 1.67095e-07
1000000 1.71186e-07
1000000 1.36129e-07
1000000 1.1251e-07
1000000 1.16779e-07
1000000 1.2983e-07
1000000 1.34837e-07
1000000 1.76182e-07
1000000 1.62142e-07
1000000 3.02276e-07
1000000 2.36586e-07
1000000 1.92885e-07
1000000 1.74967e-07
1000000 1.72768e-07
1000000 1.29817e-07
1000000 1.35408e-07
1000000 9.58745e-08
1000000 1.8407e-07
1000000 1.84089e-07
1000000 1.7975e-07
1000000 2.00904e-07
1000000 1.54088e-07
1000000 7.64091e-08
1000000 1.15844e-07
1000000 1.92283e-07
1000000 1.6858e-07
1000000 1.19613e-07
1000000 2.53816e-07
1000000 2.03014e-07
1000000 2.02413e-07
1000000 1.71533e-07
1000000 2.28667e-07
1000000 1.71287e-07
1000000 2.63611e-07
1000000 1.46995e-07
1000000 1.59498e-07
1000000 1.76315e-07
1000000 1.60625e-07
1000000 1.55385e-07
1000000 1.5515e-07
1000000 1.71723e-07
1000000 2.28007e-07
1000000 1.91209e-07
1000000 1.51498e-07
1000000 1.9355e-07
1000000 2.19075e-07
1000000 2.46246e-07
1000000 8.26268e-08
1000000 9.45659e-08
1000000 1.89101e-07
1000000 1.10188e-07
1000000 1.38554e-07
1000000 2.00367e-07
1000000 1.68822e-07
1000000 2.09088e-07
1000000 3.33278e-07
1000000 1.13834e-07
1000000 9.2844e-08
1000000 1.16776e-07
1000000 1.72231e-07
1000000 1.12282e-07
10000000 2.19663e-08
10000000 1.31588e-08
10000000 1.44952e-08
10000000 2.14684e-08
10000000 1.27908e-08
10000000 1.53719e-08
10000000 1.37767e-08
10000000 1.6273e-08
10000000 2.83854e-08
10000000 1.50154e-08
10000000 1.02646e-08
10000000 2.11933e-08
10000000 1.50955e-08
10000000 1.11593e-08
10000000 2.29493e-08
10000000 1.12843e-08
10000000 2.25702e-08
10000000 1.14168e-08
10000000 1.33928e-08
10000000 2.62968e-08
10000000 1.1403e-08
10000000 1.06993e-08
10000000 1.32518e-08
10000000 1.44246e-08
10000000 3.10059e-08
10000000 1.46628e-08
10000000 8.57087e-09
10000000 2.82458e-08
10000000 1.29699e-08
10000000 1.22978e-08
10000000 1.96248e-08
10000000 1.33652e-08
10000000 2.09874e-08
10000000 1.14327e-08
10000000 1.2627e-08
10000000 2.53242e-08
10000000 1.31985e-08
10000000 1.5879e-08
10000000 1.63579e-08
10000000 1.20051e-08
10000000 2.44123e-08
10000000 2.44167e-08
10000000 1.14912e-08
10000000 2.08353e-08
10000000 1.18297e-08
10000000 1.58796e-08
10000000 2.047e-08
10000000 1.38288e-08
10000000 1.44405e-08
10000000 1.30984e-08
10000000 1.87503e-08
10000000 2.53321e-08
10000000 1.50364e-08
10000000 1.33196e-08
10000000 1.95939e-08
10000000 1.29116e-08
10000000 1.18157e-08
10000000 2.36115e-08
10000000 1.10651e-08
10000000 2.30754e-08
10000000 1.28312e-08
10000000 1.3113e-08
10000000 2.49763e-08
10000000 1.19182e-08
10000000 1.08866e-08
10000000 1.32777e-08
10000000 1.3507e-08
10000000 3.27051e-08
10000000 1.55155e-08
10000000 1.37569e-08
10000000 2.4337e-08
10000000 1.5746e-08
10000000 1.17279e-08
10000000 1.94668e-08
10000000 1.30602e-08
10000000 1.98425e-08
10000000 1.12887e-08
10000000 1.12686e-08
10000000 2.5115e-08
10000000 1.61564e-08
10000000 1.44592e-08
10000000 1.51165e-08
10000000 1.23009e-08
10000000 2.73441e-08
10000000 2.00742e-08
10000000 1.00897e-08
10000000 2.32756e-08
10000000 1.16563e-08
10000000 1.68821e-08
10000000 1.8615e-08
10000000 1.36816e-08
10000000 1.85768e-08
10000000 1.35132e-08
10000000 1.79935e-08
10000000 2.56251e-08
10000000 1.24563e-08
10000000 1.43354e-08
10000000 2.06407e-08
10000000 1.1807e-08
10000000 1.31828e-08
10000000 2.29836e-08
10000000 1.24121e-08
10000000 2.34687e-08
10000000 1.20256e-08
10000000 1.51867e-08
10000000 2.27058e-08
10000000 1.17238e-08
10000000 1.08867e-08
10000000 1.31639e-08
10000000 1.31518e-08
10000000 3.2698e-08
10000000 1.59223e-08
10000000 1.36189e-08
10000000 2.49188e-08
10000000 1.63767e-08
10000000 1.18778e-08
10000000 1.94402e-08
10000000 1.23775e-08
10000000 1.9291e-08
10000000 1.11888e-08
10000000 1.21507e-08
10000000 2.63571e-08
10000000 1.23839e-08
10000000 1.48484e-08
10000000 1.41761e-08
10000000 1.42173e-08
10000000 2.58174e-08
10000000 1.86539e-08
10000000 9.57932e-09
10000000 2.15208e-08
10000000 1.21108e-08
10000000 1.46208e-08
10000000 1.90618e-08
10000000 1.51467e-08
10000000 1.81447e-08
10000000 1.22233e-08
10000000 1.83345e-08
10000000 2.56414e-08
10000000 1.25999e-08
10000000 1.67355e-08
10000000 2.2358e-08
10000000 1.03617e-08
10000000 1.73202e-08
10000000 2.21538e-08
10000000 9.98843e-09
10000000 2.33341e-08
10000000 1.08201e-08
10000000 1.65193e-08
10000000 2.17476e-08
10000000 1.35387e-08
10000000 1.34004e-08
10000000 1.23759e-08
10000000 1.50533e-08
10000000 2.86805e-08
10000000 1.6308e-08
10000000 1.77233e-08
10000000 2.02568e-08
10000000 1.53107e-08
10000000 1.23138e-08
10000000 2.00363e-08
10000000 1.16116e-08
10000000 2.01078e-08
10000000 1.18664e-08
10000000 1.20813e-08
10000000 2.62436e-08
10000000 1.32061e-08
10000000 1.41478e-08
10000000 1.43788e-08
10000000 1.41183e-08
10000000 2.89193e-08
10000000 1.64745e-08
10000000 1.00032e-08
10000000 2.2401e-08
10000000 1.28707e-08
10000000 1.51288e-08
10000000 1.87533e-08
10000000 1.41305e-08
10000000 1.85042e-08
10000000 1.25865e-08
10000000 1.77778e-08
10000000 2.66174e-08
10000000 1.5327e-08
10000000 1.83868e-08
10000000 1.93893e-08
10000000 9.4244e-09
10000000 2.25238e-08
10000000 1.68253e-08
10000000 1.03211e-08
10000000 2.24025e-08
10000000 1.09539e-08
10000000 1.6723e-08
10000000 2.14206e-08
10000000 1.35371e-08
10000000 1.48708e-08
10000000 1.50289e-08
10000000 1.54058e-08
10000000 2.87152e-08
10000000 1.3548e-08
10000000 1.9506e-08
10000000 1.90025e-08
10000000 1.31621e-08
10000000 1.43005e-08
10000000 1.84194e-08
10000000 1.19633e-08
10000000 1.93635e-08
10000000 1.39881e-08
10000000 1.25501e-08
10000000 2.44696e-08
10000000 1.42416e-08
10000000 1.22898e-08
10000000 1.41557e-08
10000000 1.48131e-08
10000000 2.84972e-08
10000000 1.62092e-08
10000000 1.0373e-08
10000000 2.15324e-08
10000000 1.2582e-08
10000000 1.48439e-08
10000000 1.9393e-08
10000000 1.35333e-08
10000000 1.86859e-08
10000000 1.52308e-08
10000000 1.58439e-08
10000000 3.07395e-08
10000000 1.10527e-08
10000000 2.01607e-08
10000000 1.87241e-08
10000000 9.77984e-09
10000000 2.15683e-08
10000000 1.70444e-08
10000000 1.00506e-08
10000000 2.3548e-08
10000000 1.1983e-08
10000000 1.89047e-08
10000000 2.02251e-08
10000000 1.68851e-08
10000000 1.52137e-08
10000000 1.28639e-08
10000000 1.53478e-08
10000000 2.72539e-08
10000000 1.26715e-08
10000000 2.12768e-08
10000000 1.86829e-08
10000000 1.11613e-08
10000000 1.72639e-08
10000000 2.19428e-08
10000000 9.23221e-09
10000000 1.91029e-08
10000000 1.24789e-08
10000000 1.45968e-08
10000000 2.24727e-08
10000000 1.27277e-08
10000000 1.27124e-08
10000000 1.29348e-08
10000000 1.48151e-08
10000000 2.48053e-08
10000000 1.60924e-08
10000000 1.13799e-08
10000000 2.13943e-08
10000000 1.27711e-08
10000000 1.53775e-08
10000000 1.92128e-08
10000000 1.36163e-08
10000000 1.86301e-08
10000000 1.39971e-08
10000000 1.60605e-08
10000000 3.09686e-08
10000000 1.15122e-08
10000000 1.95917e-08
10000000 1.93387e-08
10000000 9.43614e-09
10000000 2.32756e-08
10000000 1.63713e-08
10000000 1.15225e-08
10000000 2.41665e-08
10000000 1.27515e-08
10000000 1.79857e-08
10000000 1.82126e-08
10000000 1.58166e-08
10000000 1.50414e-08
10000000 1.40363e-08
10000000 1.47865e-08
10000000 2.83631e-08
10000000 1.24093e-08
10000000 2.13866e-08
10000000 1.82014e-08
10000000 1.14283e-08
10000000 1.92572e-08
10000000 1.55094e-08
10000000 9.29414e-09
10000000 1.85969e-08
100000000 1.11959e-09
100000000 1.15152e-09
100000000 1.469e-09
100000000 9.20956e-10
100000000 1.60954e-09
100000000 9.17418e-10
100000000 1.67093e-09
100000000 8.73817e-10
100000000 1.54283e-09
100000000 1.22996e-09
100000000 1.08311e-09
100000000 9.09184e-10
100000000 1.57169e-09
100000000 7.92283e-10
100000000 1.67013e-09
100000000 1.0242e-09
100000000 1.38876e-09
100000000 1.26463e-09
100000000 1.0859e-09
100000000 9.85669e-10
100000000 1.34335e-09
100000000 8.95659e-10
100000000 1.31446e-09
100000000 1.05799e-09
100000000 1.2735e-09
100000000 1.37471e-09
100000000 1.28765e-09
100000000 1.55074e-09
100000000 8.74185e-10
100000000 1.09062e-09
100000000 1.27904e-09
100000000 1.18391e-09
100000000 1.25157e-09
100000000 1.28882e-09
100000000 9.18769e-10
100000000 1.63665e-09
100000000 1.0002e-09
100000000 1.77451e-09
100000000 1.14161e-09
100000000 1.4144e-09
100000000 8.42839e-10
100000000 1.63822e-09
100000000 9.8812e-10
100000000 1.59784e-09
100000000 8.06626e-10
100000000 1.53413e-09
100000000 1.133e-09
100000000 1.55316e-09
100000000 9.36982e-10
100000000 1.82854e-09
100000000 9.35395e-10
100000000 1.59567e-09
100000000 1.32519e-09
100000000 1.02895e-09
100000000 9.98148e-10
100000000 1.436e-09
100000000 8.59182e-10
100000000 1.84935e-09
100000000 8.3847e-10
100000000 1.55515e-09
100000000 1.25927e-09
100000000 1.31027e-09
100000000 8.4728e-10
100000000 1.48063e-09
100000000 7.84197e-10
100000000 1.42378e-09
100000000 9.8739e-10
100000000 1.30198e-09
100000000 1.4276e-09
100000000 1.14429e-09
100000000 1.49217e-09
100000000 1.03469e-09
100000000 1.10527e-09
100000000 1.35465e-09
100000000 1.09933e-09
100000000 1.32303e-09
100000000 1.18472e-09
100000000 8.88589e-10
100000000 1.72155e-09
100000000 9.12972e-10
100000000 1.85588e-09
100000000 1.10313e-09
100000000 1.2537e-09
100000000 1.02592e-09
100000000 1.34736e-09
100000000 1.16446e-09
100000000 1.57883e-09
100000000 7.77647e-10
100000000 1.5244e-09
100000000 1.22593e-09
100000000 1.78451e-09
100000000 6.21254e-10
100000000 1.75879e-09
100000000 8.42667e-10
100000000 1.74729e-09
100000000 1.03995e-09
100000000 1.10263e-09
100000000 1.19824e-09
100000000 1.31197e-09
100000000 7.61035e-10
100000000 1.9151e-09
100000000 8.27822e-10
100000000 1.66017e-09
100000000 1.09554e-09
100000000 1.54353e-09
100000000 1.07802e-09
100000000 1.22126e-09
100000000 9.22586e-10
100000000 1.62776e-09
100000000 8.40987e-10
100000000 1.26782e-09
100000000 1.41037e-09
100000000 1.20281e-09
100000000 1.31219e-09
100000000 1.18297e-09
100000000 9.53515e-10
100000000 1.44972e-09
100000000 9.16952e-10
100000000 1.24312e-09
100000000 1.18933e-09
100000000 9.39913e-10
100000000 1.76715e-09
100000000 8.60729e-10
100000000 1.86291e-09
100000000 9.64639e-10
100000000 1.19913e-09
100000000 1.25457e-09
100000000 1.11118e-09
100000000 1.18823e-09
100000000 1.41423e-09
100000000 7.45538e-10
100000000 1.72503e-09
100000000 1.17408e-09
100000000 1.80636e-09
100000000 9.07784e-10
100000000 1.41795e-09
100000000 9.26e-10
100000000 1.66002e-09
100000000 1.02071e-09
100000000 1.25232e-09
100000000 1.07263e-09
100000000 1.54026e-09
100000000 5.69799e-10
100000000 2.01067e-09
100000000 7.97815e-10
100000000 1.77946e-09
100000000 9.59908e-10
100000000 1.5113e-09
100000000 1.2562e-09
100000000 9.83012e-10
100000000 9.18835e-10
100000000 1.64151e-09
100000000 8.50819e-10
100000000 1.49231e-09
100000000 1.35662e-09
100000000 1.61348e-09
100000000 1.08522e-09
100000000 1.24651e-09
100000000 1.02198e-09
100000000 1.53845e-09
100000000 8.64087e-10
100000000 1.22673e-09
100000000 1.19917e-09
100000000 1.11743e-09
100000000 1.62229e-09
100000000 1.06187e-09
100000000 1.53476e-09
100000000 1.0269e-09
100000000 1.10337e-09
100000000 1.26605e-09
100000000 1.10206e-09
100000000 1.05794e-09
100000000 1.40326e-09
100000000 6.82809e-10
100000000 1.83215e-09
100000000 9.36406e-10
100000000 1.83989e-09
100000000 1.06918e-09
100000000 9.70011e-10
100000000 1.02611e-09
100000000 1.53559e-09
100000000 9.89947e-10
100000000 1.39837e-09
100000000 1.07538e-09
100000000 1.59031e-09
100000000 9.12991e-10
100000000 1.79217e-09
100000000 8.67248e-10
100000000 1.80706e-09
100000000 8.24679e-10
100000000 1.46126e-09
100000000 1.27384e-09
100000000 1.16213e-09
100000000 9.17748e-10
100000000 1.67142e-09
100000000 6.91162e-10
100000000 1.84288e-09
100000000 1.01771e-09
100000000 1.65636e-09
100000000 1.21042e-09
100000000 1.16515e-09
100000000 1.21404e-09
100000000 1.542e-09
100000000 8.09516e-10
100000000 1.29369e-09
100000000 1.30034e-09
100000000 1.2839e-09
100000000 1.35324e-09
100000000 1.08651e-09
100000000 1.39661e-09
100000000 1.07895e-09
100000000 1.06899e-09
100000000 1.32511e-09
100000000 1.01286e-09
100000000 1.24888e-09
100000000 1.29611e-09
100000000 8.9066e-10
100000000 1.78847e-09
100000000 8.04776e-10
100000000 1.782e-09
100000000 1.10711e-09
100000000 1.21725e-09
100000000 9.21586e-10
100000000 1.39934e-09
100000000 9.79414e-10
100000000 1.51288e-09
100000000 8.05577e-10
100000000 1.8076e-09
100000000 1.08629e-09
100000000 1.64726e-09
100000000 8.11955e-10
100000000 1.60293e-09
100000000 7.23747e-10
100000000 1.52026e-09
100000000 1.35926e-09
100000000 1.31545e-09
100000000 1.01894e-09
100000000 1.39619e-09
100000000 8.12449e-10
100000000 1.92282e-09
100000000 9.10659e-10
100000000 1.6322e-09
100000000 1.08132e-09
100000000 1.31661e-09
100000000 1.02242e-09
100000000 1.39013e-09
100000000 8.75122e-10
100000000 1.45512e-09
100000000 9.92799e-10
100000000 1.45321e-09
100000000 1.36298e-09
100000000 1.08629e-09
100000000 1.25257e-09
100000000 1.30733e-09
100000000 1.08449e-09
100000000 1.47522e-09
100000000 9.81313e-10
100000000 1.26912e-09
100000000 1.22778e-09
100000000 9.76559e-10
100000000 1.66294e-09
100000000 8.1158e-10
100000000 1.57846e-09
100000000 1.26318e-09
100000000 1.09635e-09
100000000 1.13449e-09
100000000 1.16406e-09
100000000 1.01724e-09
100000000 1.41118e-09
100000000 7.2818e-10
100000000 1.71029e-09
100000000 1.01971e-09
100000000 1.9212e-09
100000000 5.90331e-10
100000000 1.42545e-09
100000000 8.59311e-10
100000000 1.59613e-09
100000000 1.0898e-09
100000000 1.28344e-09
100000000 1.08423e-09
100000000 1.35164e-09
100000000 8.79588e-10
100000000 2.0788e-09
100000000 7.81158e-10
100000000 1.69878e-09
100000000 9.7958e-10
100000000 1.47342e-09
100000000 1.12797e-09
100000000 1.34405e-09
100000000 9.85132e-10
100000000 1.60089e-09
